215622
219954
202278
203264
210626
215088
216028
216845
217173
217909
219089
219809
220330
220363
220909
431209
431224
203521
208427
210701
211101
216235
216467
218219
218457
220531
220566
221181
221193
221206
221262
222067
431230
207224
207989
209662
217630
219658
220186
220477
220492
220597
220796
220865
221018
221036
221228
221242
221569
114567
202735
206983
209462
212857
214902
217008
217719
220513
220523
220678
220789
220947
221256
221295
221301
221423
221715
222093
440181
440207
440214
440215
440216
440350
440592
115300
210381
210387
213167
213708
215211
219772
219956
220024
220758
221298
221674
221916
222091
440042